../3d_models/oil_manifold.stl:
- [0.5452996429650511, -0.2744369207073324, 0.7920433548328432, 0.0]
- [0.8374161062763249, 0.22026673493123217, -0.5002167834366746, 0.0]
- [-0.037182849960522124, 0.9360378956193021, 0.3499292694722772, 0.0]
- [-2.063649289021236, -4.187845988854194, -118.36844922349799, 1.0]
/home/kai/workspace/bir/bir_workspace/Coverage_Path_Planning/3d_models/for_paper/medium_sphere.obj:
- [0.9314676568524851, -0.24039701345243394, 0.27308841088719116, 0.0]
- [0.363388637156732, 0.578015862952668, -0.7306479046438548, 0.0]
- [0.01779614068032881, 0.7798121171783834, 0.6257606245831174, 0.0]
- [-2.2716471223225327, -0.1049375984573287, -118.05717717162767, 1.0]
/home/kai/workspace/bir/bir_workspace/Coverage_Path_Planning/3d_models/for_paper/mockup_only.stl:
- [-0.1481012718233321, -0.4712315423586721, 0.8694865420295926, 0.0]
- [0.9878999926984509, -0.029563417862418673, 0.15224850984719923, 0.0]
- [-0.046039306149334824, 0.8815139464640132, 0.4699080170402806, 0.0]
- [-8.949094178979037, 9.11751966142358, -53.039679427707, 1.0]
/home/kai/workspace/bir/bir_workspace/Coverage_Path_Planning/3d_models/for_paper/oil_manifold.stl:
- [0.2592651007934892, -0.32556340470906797, 0.9092799772483618, 0.0]
- [0.9625533810656807, 0.16430554013295318, -0.21562624627035798, 0.0]
- [-0.07919972291345767, 0.931134876908742, 0.35597084837746673, 0.0]
- [2.079677750069473, 2.230036199314013, -134.79448519885824, 1.0]
/home/kai/workspace/bir/bir_workspace/Coverage_Path_Planning/3d_models/full_structures/oil_manifold.stl:
- [0.3734349189858164, -0.31024958142792897, 0.8742377013752334, 0.0]
- [0.9268403160029357, 0.16430463855532373, -0.33759593359633794, 0.0]
- [-0.038902312445860066, 0.9363488575167909, 0.3489089094783413, 0.0]
- [0.10753975247374398, 3.6780152083598727, -117.27441174824902, 1.0]
/home/kai/workspace/bir/bir_workspace/Coverage_Path_Planning/3d_models/full_structures/simple_shapes/medium_sphere.obj:
- [0.9994881390365974, 0.020798183537279163, 0.024308341916077607, 0.0]
- [0.011521266293161156, 0.4748424408900367, -0.8799954072338071, 0.0]
- [-0.029844938401031328, 0.8798250348172308, 0.4743597661698312, 0.0]
- [-0.7522095144357338, -0.3882024218778658, -69.5480658734915, 1.0]
/home/kai/workspace/bir/bir_workspace/Coverage_Path_Planning/3d_models/mockup_only.stl:
- [0.777565416663138, -0.3398640629637343, 0.5290410584399508, 0.0]
- [0.6287952732221346, 0.41635812558982477, -0.6567057298583808, 0.0]
- [0.0029201340691190625, 0.8432901813498782, 0.5374505957350013, 0.0]
- [-13.339336042372848, 4.892612570144129, -27.02014273149473, 1.0]
